
Re_data = [  0 60000  100000 150000 200000 300000 ];

CL_data = [
  -90.0000   -0.0700   -0.0700   -0.0700   -0.0700   -0.0700   -0.0700
  -85.0000   -0.2200   -0.2200   -0.2200   -0.2200   -0.2200   -0.2200
  -80.0000   -0.3700   -0.3700   -0.3700   -0.3700   -0.3700   -0.3700
  -75.0000   -0.5150   -0.5150   -0.5150   -0.5150   -0.5150   -0.5150
  -70.0000   -0.6500   -0.6500   -0.6500   -0.6500   -0.6500   -0.6500
  -65.0000   -0.7650   -0.7650   -0.7650   -0.7650   -0.7650   -0.7650
  -60.0000   -0.8750   -0.8750   -0.8750   -0.8750   -0.8750   -0.8750
  -55.0000   -0.9650   -0.9650   -0.9650   -0.9650   -0.9650   -0.9650
  -50.0000   -1.0400   -1.0400   -1.0400   -1.0400   -1.0400   -1.0400
  -45.0000   -1.0850   -1.0850   -1.0850   -1.0850   -1.0850   -1.0850
  -40.0000   -1.0750   -1.0750   -1.0750   -1.0750   -1.0750   -1.0750
  -35.0000   -1.0200   -1.0200   -1.0200   -1.0200   -1.0200   -1.0200
  -30.0000   -0.9150   -0.9150   -0.9150   -0.9150   -0.9150   -0.9150
  -27.0000   -0.9345   -0.9345   -0.9365   -0.9407   -0.9496   -0.9646
  -26.0000   -0.8810   -0.8810   -0.8831   -0.8873   -0.8963   -0.9109
  -25.0000   -0.8276   -0.8276   -0.8297   -0.8340   -0.8432   -0.8572
  -24.0000   -0.7744   -0.7744   -0.7765   -0.7809   -0.7902   -0.8034
  -23.0000   -0.7216   -0.7216   -0.7238   -0.7283   -0.7373   -0.7497
  -22.0000   -0.6687   -0.6687   -0.6709   -0.6755   -0.6839   -0.6956
  -21.0000   -0.6161   -0.6161   -0.6184   -0.6232   -0.6305   -0.6414
  -20.0000   -0.5838   -0.5838   -0.5663   -0.5708   -0.5770   -0.5870
  -19.0000   -0.5161   -0.5161   -0.5147   -0.5178   -0.5232   -0.5322
  -18.0000   -0.4606   -0.4606   -0.4620   -0.4644   -0.4689   -0.4768
  -17.0000   -0.4079   -0.4079   -0.4089   -0.4107   -0.4139   -0.4200
  -16.0000   -0.3548   -0.3548   -0.3554   -0.3563   -0.3582   -0.3620
  -15.0000   -0.3008   -0.3008   -0.3014   -0.3024   -0.3043   -0.3082
  -14.0000   -0.2468   -0.2468   -0.2474   -0.2484   -0.2504   -0.2546
  -13.0000   -0.1928   -0.1928   -0.1934   -0.1945   -0.1966   -0.2030
  -12.0000   -0.1387   -0.1387   -0.1894   -0.1406   -0.1430   -0.1533
  -11.0000   -0.0848   -0.0848   -0.0856   -0.0869   -0.0911   -0.1095
  -10.0000   -0.0311   -0.0311   -0.0320   -0.0344   -0.0413   -0.1325
   -9.0000    0.0215    0.0215    0.0198    0.0160    0.0010   -0.8527
   -8.0000    0.0703    0.0703    0.0699    0.0615   -0.6930   -0.8274
   -7.0000    0.1142    0.1142    0.1089    0.0212   -0.7227   -0.7460
   -6.0000    0.1413    0.1413    0.0298   -0.6115   -0.6384   -0.6600
   -5.0000   -0.0348   -0.0348   -0.4781   -0.5276   -0.5500   -0.5500
   -4.0000   -0.2003   -0.2003   -0.3929   -0.4464   -0.4400   -0.4400
   -3.0000   -0.2009   -0.2009   -0.3032   -0.3376   -0.3300   -0.3300
   -2.0000   -0.1534   -0.1534   -0.2072   -0.2200   -0.2200   -0.2200
   -1.0000   -0.0830   -0.0830   -0.1057   -0.1100   -0.1100   -0.1100
   -1.0000   -0.0973   -0.0973   -0.1339   -0.1421   -0.1207   -0.0990
         0         0         0         0         0         0         0
    1.0000    0.1015    0.1015    0.1392    0.1162    0.1040    0.0961
    2.0000    0.2106    0.2106    0.2620    0.2364    0.2064    0.1856
    3.0000    0.3495    0.3495    0.3806    0.3166    0.2993    0.2877
    4.0000    0.4847    0.4847    0.4875    0.4099    0.3907    0.3900
    5.0000    0.5876    0.5876    0.5843    0.5203    0.4938    0.4905
    6.0000    0.6996    0.6996    0.6828    0.6180    0.5971    0.5921
    7.0000    0.8116    0.8116    0.7775    0.7268    0.7065    0.7018
    8.0000    0.8796    0.8796    0.8777    0.8347    0.8033    0.8062
    9.0000    0.9761    0.9761    0.9760    0.9258    0.9039    0.9022
   10.0000    1.0693    1.0693    1.0664    1.0228    1.0055    1.0012
   11.0000    1.1288    1.1288    1.1530    1.1153    1.0905    1.0893
   12.0000    1.1977    1.1977    1.2346    1.1955    1.1811    1.1756
   13.0000    1.2491    1.2491    1.3010    1.2720    1.2596    1.2536
   14.0000    1.2876    1.2876    1.3396    1.3290    1.3142    1.3096
   15.0000    1.3000    1.3000    1.3580    1.3487    1.3504    1.3562
   16.0000    1.3106    1.3106    1.3589    1.3582    1.3769    1.3854
   17.0000    1.1530    1.1530    1.3450    1.3577    1.3752    1.3870
   18.0000    1.0564    1.0564    1.2943    1.3349    1.3650    1.3695
   19.0000    1.0540    1.0540    1.0803    1.2961    1.3377    1.3590
   20.0000    1.1156    1.1156    1.0531    1.2523    1.2699    1.2141
   21.0000    1.0997    1.0997    1.0550    1.0769    1.1897    1.0586
   23.0000    0.7216    0.7216    0.7238    0.7283    0.7373    0.7497
   24.0000    0.7744    0.7744    0.7765    0.7809    0.7902    0.8034
   25.0000    0.8276    0.8276    0.8297    0.8340    0.8432    0.8572
   26.0000    0.8810    0.8810    0.8831    0.8873    0.8963    0.9109
   27.0000    0.9345    0.9345    0.9365    0.9407    0.9496    0.9646
   30.0000    0.9150    0.9150    0.9150    0.9150    0.9150    0.9150
   35.0000    1.0200    1.0200    1.0200    1.0200    1.0200    1.0200
   40.0000    1.0750    1.0750    1.0750    1.0750    1.0750    1.0750
   45.0000    1.0850    1.0850    1.0850    1.0850    1.0850    1.0850
   50.0000    1.0400    1.0400    1.0400    1.0400    1.0400    1.0400
   55.0000    0.9650    0.9650    0.9650    0.9650    0.9650    0.9650
   60.0000    0.8750    0.8750    0.8750    0.8750    0.8750    0.8750
   65.0000    0.7650    0.7650    0.7650    0.7650    0.7650    0.7650
   70.0000    0.6500    0.6500    0.6500    0.6500    0.6500    0.6500
   75.0000    0.5150    0.5150    0.5150    0.5150    0.5150    0.5150
   80.0000    0.3700    0.3700    0.3700    0.3700    0.3700    0.3700
   85.0000    0.2200    0.2200    0.2200    0.2200    0.2200    0.2200
   90.0000    0.0700    0.0700    0.0700    0.0700    0.0700    0.0700];

